
ACCELERATED SOLVE

Iter Residual Norm    Reduction    Rate
  0:  2.000000E-02
  1:  1.552245E-02    7.761E-01   0.776
  2:  1.400163E-02    7.001E-01   0.837
  3:  1.273757E-02    6.369E-01   0.860
  4:  1.003889E-02    5.019E-01   0.842
  5:  7.249748E-03    3.625E-01   0.816
  6:  4.377934E-03    2.189E-01   0.776
  7:  5.853975E-03    2.927E-01   0.839
  8:  3.370507E-03    1.685E-01   0.800
  9:  1.175781E-03    5.879E-02   0.730
 10:  3.559618E-04    1.780E-02   0.668
 11:  5.305816E-05    2.653E-03   0.583
 12:  2.558222E-05    1.279E-03   0.574
 13:  1.704484E-05    8.522E-04   0.581
 14:  8.776235E-06    4.388E-04   0.576
 15:  5.919747E-06    2.960E-04   0.582
 16:  3.226852E-06    1.613E-04   0.579
 17:  2.411606E-06    1.206E-04   0.588
 18:  1.206299E-06    6.031E-05   0.583
 19:  7.906329E-07    3.953E-05   0.586
 20:  4.639321E-07    2.320E-05   0.587
 21:  3.832428E-07    1.916E-05   0.596
 22:  2.434348E-07    1.217E-05   0.598
 23:  1.825622E-07    9.128E-06   0.604
 24:  7.934970E-08    3.967E-06   0.596
 25:  3.470114E-08    1.735E-06   0.588
 26:  1.220867E-08    6.104E-07   0.577

UNACCELERATED SOLVE

Iter Residual Norm    Reduction    Rate
  0:  2.000000E-02
  1:  1.552245E-02    7.761E-01   0.776
  2:  1.408283E-02    7.041E-01   0.839
  3:  1.344854E-02    6.724E-01   0.876
  4:  1.287582E-02    6.438E-01   0.896
  5:  1.235199E-02    6.176E-01   0.908
  6:  1.186158E-02    5.931E-01   0.917
  7:  1.140012E-02    5.700E-01   0.923
  8:  1.096330E-02    5.482E-01   0.928
  9:  1.054812E-02    5.274E-01   0.931
 10:  1.015226E-02    5.076E-01   0.934
 11:  9.773919E-03    4.887E-01   0.937
 12:  9.411645E-03    4.706E-01   0.939
 13:  9.064273E-03    4.532E-01   0.941
 14:  8.730828E-03    4.365E-01   0.943
 15:  8.410489E-03    4.205E-01   0.944
 16:  8.102545E-03    4.051E-01   0.945
 17:  7.806369E-03    3.903E-01   0.946
 18:  7.521404E-03    3.761E-01   0.947
 19:  7.247142E-03    3.624E-01   0.948
 20:  6.983121E-03    3.492E-01   0.949
 21:  6.728911E-03    3.364E-01   0.949
 22:  6.484111E-03    3.242E-01   0.950
 23:  6.248345E-03    3.124E-01   0.951
 24:  6.021257E-03    3.011E-01   0.951
 25:  5.802512E-03    2.901E-01   0.952
 26:  5.591788E-03    2.796E-01   0.952
 27:  5.388781E-03    2.694E-01   0.953
 28:  5.193199E-03    2.597E-01   0.953
 29:  5.004763E-03    2.502E-01   0.953
 30:  4.823206E-03    2.412E-01   0.954
 31:  4.648272E-03    2.324E-01   0.954
 32:  4.479715E-03    2.240E-01   0.954
 33:  4.317299E-03    2.159E-01   0.955
 34:  4.160797E-03    2.080E-01   0.955
 35:  4.009991E-03    2.005E-01   0.955
 36:  3.864671E-03    1.932E-01   0.955
 37:  3.724635E-03    1.862E-01   0.956
 38:  3.589690E-03    1.795E-01   0.956
 39:  3.459649E-03    1.730E-01   0.956
 40:  3.334333E-03    1.667E-01   0.956
 41:  3.213568E-03    1.607E-01   0.956
 42:  3.097188E-03    1.549E-01   0.957
 43:  2.985032E-03    1.493E-01   0.957
 44:  2.876947E-03    1.438E-01   0.957
 45:  2.772784E-03    1.386E-01   0.957
 46:  2.672400E-03    1.336E-01   0.957
 47:  2.575658E-03    1.288E-01   0.957
 48:  2.482423E-03    1.241E-01   0.957
 49:  2.392570E-03    1.196E-01   0.958
 50:  2.305974E-03    1.153E-01   0.958
 51:  2.222517E-03    1.111E-01   0.958
 52:  2.142085E-03    1.071E-01   0.958
 53:  2.064567E-03    1.032E-01   0.958
 54:  1.989859E-03    9.949E-02   0.958
 55:  1.917858E-03    9.589E-02   0.958
 56:  1.848465E-03    9.242E-02   0.958
 57:  1.781585E-03    8.908E-02   0.958
 58:  1.717129E-03    8.586E-02   0.959
 59:  1.655006E-03    8.275E-02   0.959
 60:  1.595134E-03    7.976E-02   0.959
 61:  1.537429E-03    7.687E-02   0.959
 62:  1.481814E-03    7.409E-02   0.959
 63:  1.428212E-03    7.141E-02   0.959
 64:  1.376551E-03    6.883E-02   0.959
 65:  1.326760E-03    6.634E-02   0.959
 66:  1.278772E-03    6.394E-02   0.959
 67:  1.232520E-03    6.163E-02   0.959
 68:  1.187943E-03    5.940E-02   0.959
 69:  1.144979E-03    5.725E-02   0.959
 70:  1.103569E-03    5.518E-02   0.959
 71:  1.063659E-03    5.318E-02   0.960
 72:  1.025192E-03    5.126E-02   0.960
 73:  9.881175E-04    4.941E-02   0.960
 74:  9.523844E-04    4.762E-02   0.960
 75:  9.179441E-04    4.590E-02   0.960
 76:  8.847499E-04    4.424E-02   0.960
 77:  8.527567E-04    4.264E-02   0.960
 78:  8.219208E-04    4.110E-02   0.960
 79:  7.922005E-04    3.961E-02   0.960
 80:  7.635554E-04    3.818E-02   0.960
 81:  7.359464E-04    3.680E-02   0.960
 82:  7.093361E-04    3.547E-02   0.960
 83:  6.836883E-04    3.418E-02   0.960
 84:  6.589683E-04    3.295E-02   0.960
 85:  6.351423E-04    3.176E-02   0.960
 86:  6.121781E-04    3.061E-02   0.960
 87:  5.900445E-04    2.950E-02   0.960
 88:  5.687113E-04    2.844E-02   0.960
 89:  5.481497E-04    2.741E-02   0.960
 90:  5.283317E-04    2.642E-02   0.960
 91:  5.092304E-04    2.546E-02   0.960
 92:  4.908199E-04    2.454E-02   0.961
 93:  4.730751E-04    2.365E-02   0.961
 94:  4.559721E-04    2.280E-02   0.961
 95:  4.394875E-04    2.197E-02   0.961
 96:  4.235990E-04    2.118E-02   0.961
 97:  4.082850E-04    2.041E-02   0.961
 98:  3.935248E-04    1.968E-02   0.961
 99:  3.792983E-04    1.896E-02   0.961
100:  3.655862E-04    1.828E-02   0.961
101:  3.523699E-04    1.762E-02   0.961
102:  3.396314E-04    1.698E-02   0.961
103:  3.273536E-04    1.637E-02   0.961
104:  3.155196E-04    1.578E-02   0.961
105:  3.041136E-04    1.521E-02   0.961
106:  2.931199E-04    1.466E-02   0.961
107:  2.825237E-04    1.413E-02   0.961
108:  2.723106E-04    1.362E-02   0.961
109:  2.624668E-04    1.312E-02   0.961
110:  2.529789E-04    1.265E-02   0.961
111:  2.438339E-04    1.219E-02   0.961
112:  2.350196E-04    1.175E-02   0.961
113:  2.265240E-04    1.133E-02   0.961
114:  2.183355E-04    1.092E-02   0.961
115:  2.104430E-04    1.052E-02   0.961
116:  2.028359E-04    1.014E-02   0.961
117:  1.955038E-04    9.775E-03   0.961
118:  1.884367E-04    9.422E-03   0.961
119:  1.816251E-04    9.081E-03   0.961
120:  1.750598E-04    8.753E-03   0.961
121:  1.687318E-04    8.437E-03   0.961
122:  1.626326E-04    8.132E-03   0.961
123:  1.567539E-04    7.838E-03   0.961
124:  1.510877E-04    7.554E-03   0.961
125:  1.456263E-04    7.281E-03   0.961
126:  1.403623E-04    7.018E-03   0.961
127:  1.352886E-04    6.764E-03   0.961
128:  1.303984E-04    6.520E-03   0.961
129:  1.256849E-04    6.284E-03   0.961
130:  1.211418E-04    6.057E-03   0.961
131:  1.167629E-04    5.838E-03   0.961
132:  1.125424E-04    5.627E-03   0.962
133:  1.084744E-04    5.424E-03   0.962
134:  1.045534E-04    5.228E-03   0.962
135:  1.007742E-04    5.039E-03   0.962
136:  9.713158E-05    4.857E-03   0.962
137:  9.362064E-05    4.681E-03   0.962
138:  9.023662E-05    4.512E-03   0.962
139:  8.697492E-05    4.349E-03   0.962
140:  8.383113E-05    4.192E-03   0.962
141:  8.080097E-05    4.040E-03   0.962
142:  7.788035E-05    3.894E-03   0.962
143:  7.506530E-05    3.753E-03   0.962
144:  7.235200E-05    3.618E-03   0.962
145:  6.973679E-05    3.487E-03   0.962
146:  6.721610E-05    3.361E-03   0.962
147:  6.478653E-05    3.239E-03   0.962
148:  6.244478E-05    3.122E-03   0.962
149:  6.018768E-05    3.009E-03   0.962
150:  5.801216E-05    2.901E-03   0.962
151:  5.591529E-05    2.796E-03   0.962
152:  5.389420E-05    2.695E-03   0.962
153:  5.194617E-05    2.597E-03   0.962
154:  5.006856E-05    2.503E-03   0.962
155:  4.825881E-05    2.413E-03   0.962
156:  4.651448E-05    2.326E-03   0.962
157:  4.483320E-05    2.242E-03   0.962
158:  4.321270E-05    2.161E-03   0.962
159:  4.165076E-05    2.083E-03   0.962
160:  4.014529E-05    2.007E-03   0.962
161:  3.869423E-05    1.935E-03   0.962
162:  3.729562E-05    1.865E-03   0.962
163:  3.594757E-05    1.797E-03   0.962
164:  3.464824E-05    1.732E-03   0.962
165:  3.339587E-05    1.670E-03   0.962
166:  3.218878E-05    1.609E-03   0.962
167:  3.102531E-05    1.551E-03   0.962
168:  2.990390E-05    1.495E-03   0.962
169:  2.882303E-05    1.441E-03   0.962
170:  2.778122E-05    1.389E-03   0.962
171:  2.677707E-05    1.339E-03   0.962
172:  2.580921E-05    1.290E-03   0.962
173:  2.487634E-05    1.244E-03   0.962
174:  2.397719E-05    1.199E-03   0.962
175:  2.311053E-05    1.156E-03   0.962
176:  2.227521E-05    1.114E-03   0.962
177:  2.147007E-05    1.074E-03   0.962
178:  2.069404E-05    1.035E-03   0.962
179:  1.994606E-05    9.973E-04   0.962
180:  1.922511E-05    9.613E-04   0.962
181:  1.853022E-05    9.265E-04   0.962
182:  1.786045E-05    8.930E-04   0.962
183:  1.721489E-05    8.607E-04   0.962
184:  1.659266E-05    8.296E-04   0.962
185:  1.599292E-05    7.996E-04   0.962
186:  1.541486E-05    7.707E-04   0.962
187:  1.485770E-05    7.429E-04   0.962
188:  1.432067E-05    7.160E-04   0.962
189:  1.380305E-05    6.902E-04   0.962
190:  1.330414E-05    6.652E-04   0.962
191:  1.282327E-05    6.412E-04   0.962
192:  1.235978E-05    6.180E-04   0.962
193:  1.191304E-05    5.957E-04   0.962
194:  1.148244E-05    5.741E-04   0.962
195:  1.106741E-05    5.534E-04   0.962
196:  1.066739E-05    5.334E-04   0.962
197:  1.028182E-05    5.141E-04   0.962
198:  9.910184E-06    4.955E-04   0.962
199:  9.551983E-06    4.776E-04   0.962
200:  9.206730E-06    4.603E-04   0.962
201:  8.873956E-06    4.437E-04   0.962
202:  8.553211E-06    4.277E-04   0.962
203:  8.244058E-06    4.122E-04   0.962
204:  7.946080E-06    3.973E-04   0.962
205:  7.658872E-06    3.829E-04   0.962
206:  7.382045E-06    3.691E-04   0.962
207:  7.115223E-06    3.558E-04   0.962
208:  6.858047E-06    3.429E-04   0.962
209:  6.610165E-06    3.305E-04   0.962
210:  6.371243E-06    3.186E-04   0.962
211:  6.140957E-06    3.070E-04   0.962
212:  5.918995E-06    2.959E-04   0.962
213:  5.705056E-06    2.853E-04   0.962
214:  5.498849E-06    2.749E-04   0.962
215:  5.300095E-06    2.650E-04   0.962
216:  5.108525E-06    2.554E-04   0.962
217:  4.923880E-06    2.462E-04   0.962
218:  4.745909E-06    2.373E-04   0.962
219:  4.574370E-06    2.287E-04   0.962
220:  4.409031E-06    2.205E-04   0.962
221:  4.249669E-06    2.125E-04   0.962
222:  4.096066E-06    2.048E-04   0.962
223:  3.948016E-06    1.974E-04   0.962
224:  3.805317E-06    1.903E-04   0.962
225:  3.667775E-06    1.834E-04   0.962
226:  3.535205E-06    1.768E-04   0.962
227:  3.407427E-06    1.704E-04   0.962
228:  3.284267E-06    1.642E-04   0.963
229:  3.165559E-06    1.583E-04   0.963
230:  3.051141E-06    1.526E-04   0.963
231:  2.940859E-06    1.470E-04   0.963
232:  2.834563E-06    1.417E-04   0.963
233:  2.732109E-06    1.366E-04   0.963
234:  2.633358E-06    1.317E-04   0.963
235:  2.538177E-06    1.269E-04   0.963
236:  2.446435E-06    1.223E-04   0.963
237:  2.358010E-06    1.179E-04   0.963
238:  2.272781E-06    1.136E-04   0.963
239:  2.190633E-06    1.095E-04   0.963
240:  2.111453E-06    1.056E-04   0.963
241:  2.035136E-06    1.018E-04   0.963
242:  1.961577E-06    9.808E-05   0.963
243:  1.890676E-06    9.453E-05   0.963
244:  1.822339E-06    9.112E-05   0.963
245:  1.756471E-06    8.782E-05   0.963
246:  1.692985E-06    8.465E-05   0.963
247:  1.631792E-06    8.159E-05   0.963
248:  1.572812E-06    7.864E-05   0.963
249:  1.515964E-06    7.580E-05   0.963
250:  1.461170E-06    7.306E-05   0.963
251:  1.408357E-06    7.042E-05   0.963
252:  1.357452E-06    6.787E-05   0.963
253:  1.308388E-06    6.542E-05   0.963
254:  1.261097E-06    6.305E-05   0.963
255:  1.215515E-06    6.078E-05   0.963
256:  1.171581E-06    5.858E-05   0.963
257:  1.129235E-06    5.646E-05   0.963
258:  1.088419E-06    5.442E-05   0.963
259:  1.049079E-06    5.245E-05   0.963
260:  1.011160E-06    5.056E-05   0.963
261:  9.746124E-07    4.873E-05   0.963
262:  9.393855E-07    4.697E-05   0.963
263:  9.054319E-07    4.527E-05   0.963
264:  8.727055E-07    4.364E-05   0.963
265:  8.411620E-07    4.206E-05   0.963
266:  8.107586E-07    4.054E-05   0.963
267:  7.814542E-07    3.907E-05   0.963
268:  7.532089E-07    3.766E-05   0.963
269:  7.259846E-07    3.630E-05   0.963
270:  6.997442E-07    3.499E-05   0.963
271:  6.744523E-07    3.372E-05   0.963
272:  6.500746E-07    3.250E-05   0.963
273:  6.265780E-07    3.133E-05   0.963
274:  6.039306E-07    3.020E-05   0.963
275:  5.821019E-07    2.911E-05   0.963
276:  5.610621E-07    2.805E-05   0.963
277:  5.407828E-07    2.704E-05   0.963
278:  5.212365E-07    2.606E-05   0.963
279:  5.023966E-07    2.512E-05   0.963
280:  4.842378E-07    2.421E-05   0.963
281:  4.667353E-07    2.334E-05   0.963
282:  4.498653E-07    2.249E-05   0.963
283:  4.336052E-07    2.168E-05   0.963
284:  4.179328E-07    2.090E-05   0.963
285:  4.028268E-07    2.014E-05   0.963
286:  3.882668E-07    1.941E-05   0.963
287:  3.742331E-07    1.871E-05   0.963
288:  3.607067E-07    1.804E-05   0.963
289:  3.476691E-07    1.738E-05   0.963
290:  3.351028E-07    1.676E-05   0.963
291:  3.229907E-07    1.615E-05   0.963
292:  3.113163E-07    1.557E-05   0.963
293:  3.000640E-07    1.500E-05   0.963
294:  2.892183E-07    1.446E-05   0.963
295:  2.787647E-07    1.394E-05   0.963
296:  2.686889E-07    1.343E-05   0.963
297:  2.589772E-07    1.295E-05   0.963
298:  2.496166E-07    1.248E-05   0.963
299:  2.405944E-07    1.203E-05   0.963
300:  2.318982E-07    1.159E-05   0.963
301:  2.235164E-07    1.118E-05   0.963
302:  2.154375E-07    1.077E-05   0.963
303:  2.076506E-07    1.038E-05   0.963
304:  2.001452E-07    1.001E-05   0.963
305:  1.929110E-07    9.646E-06   0.963
306:  1.859384E-07    9.297E-06   0.963
307:  1.792177E-07    8.961E-06   0.963
308:  1.727400E-07    8.637E-06   0.963
309:  1.664964E-07    8.325E-06   0.963
310:  1.604785E-07    8.024E-06   0.963
311:  1.546781E-07    7.734E-06   0.963
312:  1.490873E-07    7.454E-06   0.963
313:  1.436986E-07    7.185E-06   0.963
314:  1.385047E-07    6.925E-06   0.963
315:  1.334985E-07    6.675E-06   0.963
316:  1.286733E-07    6.434E-06   0.963
317:  1.240225E-07    6.201E-06   0.963
318:  1.195397E-07    5.977E-06   0.963
319:  1.152190E-07    5.761E-06   0.963
320:  1.110545E-07    5.553E-06   0.963
321:  1.070405E-07    5.352E-06   0.963
322:  1.031716E-07    5.159E-06   0.963
323:  9.944249E-08    4.972E-06   0.963
324:  9.584819E-08    4.792E-06   0.963
325:  9.238381E-08    4.619E-06   0.963
326:  8.904464E-08    4.452E-06   0.963
327:  8.582617E-08    4.291E-06   0.963
328:  8.272403E-08    4.136E-06   0.963
329:  7.973401E-08    3.987E-06   0.963
330:  7.685206E-08    3.843E-06   0.963
331:  7.407429E-08    3.704E-06   0.963
332:  7.139691E-08    3.570E-06   0.963
333:  6.881631E-08    3.441E-06   0.963
334:  6.632898E-08    3.316E-06   0.963
335:  6.393155E-08    3.197E-06   0.963
336:  6.162078E-08    3.081E-06   0.963
337:  5.939353E-08    2.970E-06   0.963
338:  5.724678E-08    2.862E-06   0.963
339:  5.517762E-08    2.759E-06   0.963
340:  5.318326E-08    2.659E-06   0.963
341:  5.126098E-08    2.563E-06   0.963
342:  4.940817E-08    2.470E-06   0.963
343:  4.762234E-08    2.381E-06   0.963
344:  4.590106E-08    2.295E-06   0.963
345:  4.424199E-08    2.212E-06   0.963
346:  4.264288E-08    2.132E-06   0.963
347:  4.110158E-08    2.055E-06   0.963
348:  3.961598E-08    1.981E-06   0.963
349:  3.818408E-08    1.909E-06   0.963
350:  3.680394E-08    1.840E-06   0.963
351:  3.547368E-08    1.774E-06   0.963
352:  3.419150E-08    1.710E-06   0.963
353:  3.295567E-08    1.648E-06   0.963
354:  3.176450E-08    1.588E-06   0.963
355:  3.061639E-08    1.531E-06   0.963
356:  2.950978E-08    1.475E-06   0.963
357:  2.844316E-08    1.422E-06   0.963
358:  2.741510E-08    1.371E-06   0.963
359:  2.642420E-08    1.321E-06   0.963
360:  2.546911E-08    1.273E-06   0.963
361:  2.454854E-08    1.227E-06   0.963
362:  2.366124E-08    1.183E-06   0.963
363:  2.280602E-08    1.140E-06   0.963
364:  2.198171E-08    1.099E-06   0.963
365:  2.118719E-08    1.059E-06   0.963
366:  2.042139E-08    1.021E-06   0.963
367:  1.968327E-08    9.842E-07   0.963
